8.790486753149157
10.025402421592293
9.799313525905157
9.704870150756259
9.679852176704525
9.651882708655382
9.59844222478967
9.565465669301632
9.52757066600284
9.541804372656557
9.504054450885638
9.424377030308387
9.463331367886928
9.437653974964844
9.412401005334853
9.37631377182687
9.39074124389701
9.38084664910988
9.35116674047727
9.308021197236863
9.322217612783763
9.338948836775067
9.303958227519136
9.288858133793546
9.308911193153254
9.30869942092966
9.277146005010529
9.250389142219605
9.285853900907586
9.27420097386655
