6.245286145368856
9.77443832636984
9.13274719766822
8.821544951398822
8.769935418580111
8.67692115323338
8.62753722581256
8.505030520839167
8.528734849626693
8.516382859627962
8.479898677659284
8.418003992970325
8.401880623981631
8.464967843302293
8.360687193769857
8.35685657821296
8.339305703670956
8.363830904837792
8.327221074290607
8.313777317384675
8.279222545741243
8.296712295529474
8.245765326080559
8.231299891342273
8.272586671688208
8.224405788594874
8.240399813949185
8.20303480098918
8.176156077315063
8.202160710531931
