7.455882238485464
9.870602262945022
9.248790395362624
9.247458041810527
9.201285600666484
9.108328145394154
9.085410477836362
9.000108322729663
9.019437805407538
8.995270037182378
8.99970239890502
8.904686460245133
8.950783278270285
8.922208639948144
8.872540010831052
8.869305457857832
8.858058756448282
8.847648380501834
8.815471342249955
8.787988156163156
8.799724601659491
8.794751249615835
8.79859817624526
8.763367960461892
8.75567726034018
8.766048651604704
8.720714547485311
8.714657599034517
8.694300013469382
8.705814358319005
