8.063707016307095
9.704127868453623
9.434871357797435
9.33484376658647
9.235323891834827
9.216544496372428
9.159951216638232
9.101547002160315
9.12045694921529
9.087269759277865
9.067961765403481
9.036817599179711
9.057122651189934
9.0502118425246
9.027285132100795
8.969785744642738
8.97039870851705
8.998701991351206
8.951469821606452
8.916724989593073
8.935112386129143
8.95329218222148
8.922640888171474
8.893597363398177
8.891053972943443
8.915032902044766
8.860057384642303
8.853647546023238
8.871852150003246
8.862301951948247
