9.836826462800065
9.991205133212206
9.954595669127576
9.935854697994227
9.924378047640982
9.918100007575465
9.847389953632094
9.76501394858516
9.785293556126975
9.822529354730012
9.739926566209643
9.72335071857016
9.715367763671471
9.742072934815745
9.743339690385852
9.63783793495299
9.691468554710994
9.782986512794299
9.717309924655265
9.670858890187262
9.725696710648256
9.72852674440656
9.713673663848727
9.725800589128179
9.720992375141462
9.758223569843116
9.753041061524788
9.75032985816718
9.750854633468434
9.757433630801732
