9.249856011602747
9.90912472586956
9.785798286394007
9.720861563592429
9.715863130769698
9.696318257766999
9.632229285427593
9.557106296538944
9.577497589362475
9.590284709727166
9.533454491820287
9.451394643513444
9.505130228933574
9.495348283260345
9.448967367926906
9.439705583559734
9.427187141797518
9.48071744510359
9.399107067590286
9.389724800995282
9.3814545170514
9.44687093041928
9.417646054877554
9.354951203865497
9.389511514982376
9.4217612512909
9.428774148417395
9.406702278074903
9.422272165537834
9.446672060987863
