1 9.249852688608485
2 9.909230956497861
3 9.79233400590266
4 9.73313956437678
5 9.692614415199294
6 9.680312041343418
7 9.650216759774644
8 9.54041501552233
9 9.580679635891483
10 9.552743955950918
11 9.52309107640577
12 9.458726832169816
13 9.493349667893478
14 9.528194232171755
15 9.455337442546945
16 9.424305676420072
17 9.389337127714475
18 9.463129790853264
19 9.413266324713911
20 9.365270203542424
21 9.438669843291157
22 9.448663465722701
23 9.394446602848422
24 9.351900259587396
25 9.424930713749873
26 9.415718121526194
27 9.375542496346215
28 9.395875084587919
29 9.421830027798569
30 9.433701610172445
