8.45307174529207
9.930010099917961
9.637145678191809
9.571093179077776
9.514794327950177
9.480039156772875
9.44383626403843
9.378700790328043
9.384607433232818
9.381775282417825
9.339299407858759
9.28875647295965
9.318863251840872
9.304265699890744
9.287283861660432
9.24002193095117
9.254608466180757
9.240241606761122
9.204010815683256
9.182360626607432
9.207102229603327
9.200283820259429
9.15622165285443
9.143105649691046
9.151209536417243
9.145875769734081
9.129787202655884
9.088212328812746
9.118294781358083
9.100026367989226
